00000000000000000000000000000000000000000000000000
00000000000000000000000000000000000000000000000000
01100000000000000000000000000000000000000000000110
01001110000000000000000000000000000000000001110010
00110000000000000000000000000000001110000000001100
00000001000000000000000000100000000000000010000000
00000001000100000000000011011000100000100010000000
00110000011011000000000000100000100000100000001100
01001110000100000000000000000000100000100001110010
01100000000000000000000000000000000000000000000110
00000000000000000000000000000000001110000000000000
00000000000000000000000000000000000000000000000000
00000001001000000000000000000000000000010010000000
00000010110100000000000000000000000000101101000000
00000001001000000000000000000000000000010010000000
00000001001000000000000000000000000000010010000000
00000010110100000000000000000000000000101101000000
00000001001000000000000000000000000000010010000000
00000000000000000000000000000000000000000000000000
00000000000000000000000000000000000000000000000000