000000000000000000000000000000000000000000000000000000000000000000000000000000000000000000000000000000000000000000
000000000000000000000000011000011000000000000000000000000000000000000000000000000000011000011000000000000000000000
000000000000000000000000010100101000000000000000000000000000000000000000000000000000010100101000000000000000000000
000000000000000000000000000100100000000000000000000000000000000000000000000000000000000100100000000000000000000000
000000000000000000000000001000010000000000000000000000000000000000000000000000000000001000010000000000000000000000
000000000000000000000000001000010000000000000000000000000000000000000000000000000000001000010000000000000000000000
000000000000000000000000001000010000100100000000000000000000000000000000000000000000001000010000100100000000000000
000000000000000000000000000011000001011010000000000000000000000000000000000000000000000011000001011010000000000000
000000000000000000000000000000000000100100000000000000000000000000000000000000000000000000000000100100000000000000
000000000000000000000000000000000000100100000000000000000000000000000000000000000000000000000000100100000000000000
000000000000000000000000000000000001011010000000000000000000000000000000000000000000000000000001011010000000000000
000000000000000000000000000000000000100100000000000000000000000000000000000000000000000001110000100100000000000000
000000000010010000000000000001110000000000000000000000000000000000000000000000000000000000000000000000000000000000
000000000101101000000000000010001000000000000000000000000000000000000000000000000000000100000100000000000000000000
000000000010010000000000000010001000000000000000000000000000000000000000000000000000000100000100000000000000000000
000000000010010000000000000010001000000000000000000000000000000000000000000000000000000100000100000000000000000000
000000000101101000000000000001110000000000000000000000000000000000000000000000000000000000000000000000000000000000
000000000010010000000000000000000000000000000000000000000000000000000000000000000000000001110000000000000000000000
000000000000000001000000000000000000000000000000000000000000000000000000000000000000000000000000000000000000000000
000000000000000001000000000000000000000000000000000000000000000000000000000000000000000000000000000000000000000000
000011000000000001000000000000000000000000000000000000000000000000000000000000000000000000000000000000000000000000
000010011100000000000000000000000000000000000000000000000000001000000000000000000000000000000000000000000000000000
000001100000011100011100000000000000000000000000000000000000001000000000000000000000000001000000000000000000001100
000000000010000000000000000011011000011000000000011100000000001000000000001000000000000110110000001000000011100100
000000000010000001000000000000001000100100000000000000000000000000000000110110000000000001000000001000000000011000
000001100000000001000000000001001000101000000001000001000011100011100000001000000000000000000000001000000100000000
000010011100000001000000011101100000101000000001000001000000000000000000000000000000000000000000000000000100000000
000011000000000000000000000001010000011011100001000001000000001000000000000000000000000000000011100011100000011000
000000000000000000000000000001010001001000000000000000000000001000000000000000000000000000000000000000000011100100
000000000000000000000000000010010001000000000000011100000000001000000000000000000000000000000000001000000000001100
000000000000000000000000000001100001101100000000000000000000000000000000000000000000000000000000001000000000000000
000000000000000000000000000000000000000000000000000000000000000000000000000000000000000000000000001000000000000000
000000000000000000000000000000000000000000000000000000000000000000000000000000000000111000000000000000100100000000
000000000000000000000000000000000000000000000000000000000000000000000000000000000000000000000000000001011010000000
000000000000000000000000000100000000000000000000000000000000000000000000000000000010000010000000000000100100000000
000000000000000000000000000100000000000000000000000000000000000000000000000000000010000010000000000000100100000000
000000010010000000000000000100000000000000000000000000000000000000000000000000000010000010000000000001011010000000
000000101101000000000000000000000000000000000000000000000000000000000000000000000000000000000000000000100100000000
000000010010000000000001110001110000000000000000000000000000000000000000000000000000111000000000000000000000000000
000000010010000000000000000000000000000000000000000000000000000000000000000000000000000000000000000000000000000000
000000101101000000000000000100000000000000000000000000000000000000000000000000000000000000000000000000000000000000
000000010010000000000000000100000000000000000000000000000000000000000000000000000000000000000000000000000000000000
000000000000000000000000000100000000000000000000000000000000000000000000000000000000000000000000000000000000000000
000000000001000000000000000000000000000000000000000101000000000000000000011100000000000000000000000000000000000000
011000000000100000000000001000000000000000000000001000100000000000000000000000000000000000000000000000000000000000
010011100000010000000000011100000000001000000000000000000000100000000001000001000000000000000000000000000000000000
001100000000111000000000101010000000001000000001100000111101101000000001000001000000000000000000000000000001100000
000000010000110000000001110111000000001000000010001000000010000100000001000001000000011100000000000000011100100000
000000010000000000000000101010000000000000000010000100000001000100000000000000000000000000000011100000000011000000
001100000000000000000000011100000011100011100001011011110000011000000000011100000001000000000000000000100000000000
010011100000000000000000001000000000000000000000010000000000000000000000000000000001000011101000001000100000000000
011000000000000000000000000000000000001000000000000000010001000000000000000000000001000001011100001000000011000000
000000000000000000000000000000000000001000000000000000001010000000000000000000000000000000000000001000011100100000
000000000000000000000000000000000000001000000000000000000000000000000000000000000000011100000000000000000001100000
000000000000000000000000000000000000000000000000000000000000000000000000000000000000000000000011100000000000000000
000000000000000000000010000000000000000000000000000000000000000000000000000000000010000000000000000000000000000000
000000000000000000000010000000000000000000000000000000000000000000000000000000000010000000000000000100100000000000
000000000000000000000010000000000000000000000000000000000000000000000000000000000010000000000000001011010000000000
000000000000000000000000000000000000000000000000000000000000000000000000000000000000000000000000000100100000000000
000000000000000000111000111000000000000000000000000000000000000000000000000000111000111000000000000100100000000000
000000000000000000000000000000000000000000000000000000000000000000000000000000000000000000000000001011010000000000
000000000000000000000010000000000000000000000000000000000000000000000000000000000010000000000000000100100000000000
000000000000010010000010000000000000000000000000000000000000000000000000010010000010000000000000000000000000000000
000000000000101101000010000000000000000000000000000000000000000000000000101101000010000000000000000000000000000000
000000000000010010000000000000000000000000000000000000000000000000000000010010000000000000000000000000000000000000
000000000000010010000000000000000000000000000000000000000000000000000000010010000000000000000000000000000000000000
000000000000101101000001100000000000000000000000000000000000000000000000101101000001100000000000000000000000000000
000000000000010010000100001000000000000000000000000000000000000000000000010010000100001000000000000000000000000000
000000000000000000000100001000000000000000000000000000000000000000000000000000000100001000000000000000000000000000
000000000000000000000100001000000000000000000000000000000000000000000000000000000100001000000000000000000000000000
000000000000000000000010010000000000000000000000000000000000000000000000000000000010010000000000000000000000000000
000000000000000000001010010100000000000000000000000000000000000000000000000000001010010100000000000000000000000000
000000000000000000001100001100000000000000000000000000000000000000000000000000001100001100000000000000000000000000
000000000000000000000000000000000000000000000000000000000000000000000000000000000000000000000000000000000000000000